[ 1  2  3  4  5  6  7  8  9 10 11 12 13 14 15 16 17 18 19 20 21 22 23 24 25
 26 27 28 29 30 31 32 33 34 35 36 37 38 39 40 41 42 43 44 45 46 47 48 49]
1 :
		 1   1.0   785000.0
	 1   1.0   785000.0
2 :
		 1   2.0   1491500.0
		 2   1.0   1491500.0
	 1   2.0   1491500.0
3 :
		 1   3.0   2198000.0
	 1   3.0   2198000.0
4 :
		 1   4.0   2904500.0
		 2   2.0   2826000.0
	 2   2.0   2826000.0
5 :
		 1   5.0   3611000.0
	 1   5.0   3611000.0
6 :
		 1   6.0   4317500.0
		 2   3.0   4160500.0
		 3   2.0   4160500.0
	 2   3.0   4160500.0
7 :
		 1   7.0   5024000.0
	 1   7.0   5024000.0
8 :
		 1   8.0   5730500.0
		 2   4.0   5495000.0
	 2   4.0   5495000.0
9 :
		 1   9.0   6437000.0
		 3   3.0   6123000.0
	 3   3.0   6123000.0
10 :
		 1   10.0   7143500.0
		 2   5.0   6829500.0
	 2   5.0   6829500.0
11 :
		 1   11.0   7850000.0
	 1   11.0   7850000.0
12 :
		 1   12.0   8556500.0
		 2   6.0   8164000.0
		 3   4.0   8085500.0
		 4   3.0   8085500.0
	 3   4.0   8085500.0
13 :
		 1   13.0   9263000.0
	 1   13.0   9263000.0
14 :
		 1   14.0   9969500.0
		 2   7.0   9498500.0
	 2   7.0   9498500.0
15 :
		 1   15.0   10676000.0
		 3   5.0   10048000.0
	 3   5.0   10048000.0
16 :
		 1   16.0   11382500.0
		 2   8.0   10833000.0
		 4   4.0   10676000.0
	 4   4.0   10676000.0
17 :
		 1   17.0   12089000.0
	 1   17.0   12089000.0
18 :
		 1   18.0   12795500.0
		 2   9.0   12167500.0
		 3   6.0   12010500.0
	 3   6.0   12010500.0
19 :
		 1   19.0   13502000.0
	 1   19.0   13502000.0
20 :
		 1   20.0   14208500.0
		 2   10.0   13502000.0
		 4   5.0   13266500.0
		 5   4.0   13266500.0
	 4   5.0   13266500.0
21 :
		 1   21.0   14915000.0
		 3   7.0   13973000.0
	 3   7.0   13973000.0
22 :
		 1   22.0   15621500.0
		 2   11.0   14836500.0
	 2   11.0   14836500.0
23 :
		 1   23.0   16328000.0
	 1   23.0   16328000.0
24 :
		 1   24.0   17034500.0
		 2   12.0   16171000.0
		 3   8.0   15935500.0
		 4   6.0   15857000.0
	 4   6.0   15857000.0
25 :
		 1   25.0   17741000.0
		 5   5.0   16485000.0
	 5   5.0   16485000.0
26 :
		 1   26.0   18447500.0
		 2   13.0   17505500.0
	 2   13.0   17505500.0
27 :
		 1   27.0   19154000.0
		 3   9.0   17898000.0
	 3   9.0   17898000.0
28 :
		 1   28.0   19860500.0
		 2   14.0   18840000.0
		 4   7.0   18447500.0
	 4   7.0   18447500.0
29 :
		 1   29.0   20567000.0
	 1   29.0   20567000.0
30 :
		 1   30.0   21273500.0
		 2   15.0   20174500.0
		 3   10.0   19860500.0
		 5   6.0   19703500.0
		 6   5.0   19703500.0
	 5   6.0   19703500.0
31 :
		 1   31.0   21980000.0
	 1   31.0   21980000.0
32 :
		 1   32.0   22686500.0
		 2   16.0   21509000.0
		 4   8.0   21038000.0
	 4   8.0   21038000.0
33 :
		 1   33.0   23393000.0
		 3   11.0   21823000.0
	 3   11.0   21823000.0
34 :
		 1   34.0   24099500.0
		 2   17.0   22843500.0
	 2   17.0   22843500.0
35 :
		 1   35.0   24806000.0
		 5   7.0   22922000.0
	 5   7.0   22922000.0
36 :
		 1   36.0   25512500.0
		 2   18.0   24178000.0
		 3   12.0   23785500.0
		 4   9.0   23628500.0
		 6   6.0   23550000.0
	 6   6.0   23550000.0
37 :
		 1   37.0   26219000.0
	 1   37.0   26219000.0
38 :
		 1   38.0   26925500.0
		 2   19.0   25512500.0
	 2   19.0   25512500.0
39 :
		 1   39.0   27632000.0
		 3   13.0   25748000.0
	 3   13.0   25748000.0
40 :
		 1   40.0   28338500.0
		 2   20.0   26847000.0
		 4   10.0   26219000.0
		 5   8.0   26140500.0
	 5   8.0   26140500.0
41 :
		 1   41.0   29045000.0
	 1   41.0   29045000.0
42 :
		 1   42.0   29751500.0
		 2   21.0   28181500.0
		 3   14.0   27710500.0
		 6   7.0   27396500.0
		 7   6.0   27396500.0
	 6   7.0   27396500.0
43 :
		 1   43.0   30458000.0
	 1   43.0   30458000.0
44 :
		 1   44.0   31164500.0
		 2   22.0   29516000.0
		 4   11.0   28809500.0
	 4   11.0   28809500.0
45 :
		 1   45.0   31871000.0
		 3   15.0   29673000.0
		 5   9.0   29359000.0
	 5   9.0   29359000.0
46 :
		 1   46.0   32577500.0
		 2   23.0   30850500.0
	 2   23.0   30850500.0
47 :
		 1   47.0   33284000.0
	 1   47.0   33284000.0
48 :
		 1   48.0   33990500.0
		 2   24.0   32185000.0
		 3   16.0   31635500.0
		 4   12.0   31400000.0
		 6   8.0   31243000.0
	 6   8.0   31243000.0
49 :
		 1   49.0   34697000.0
		 7   7.0   31871000.0
	 7   7.0   31871000.0

